00	00	000	000
01	00	000	001
02	00	000	010
03	00	000	011
04	00	000	100
05	00	000	101
06	00	000	110	LD	r,n
07	00	000	111
08	00	001	000
09	00	001	001
0A	00	001	010
0B	00	001	011
0C	00	001	100
0D	00	001	101
0E	00	001	110	LD	r,n
0F	00	001	111
10	00	010	000
11	00	010	001
12	00	010	010
13	00	010	011
14	00	010	100
15	00	010	101
16	00	010	110	LD	r,n
17	00	010	111
18	00	011	000
19	00	011	001
1A	00	011	010
1B	00	011	011
1C	00	011	100
1D	00	011	101
1E	00	011	110	LD	r,n
1F	00	011	111
20	00	100	000
21	00	100	001
22	00	100	010
23	00	100	011
24	00	100	100
25	00	100	101
26	00	100	110	LD	r,n
27	00	100	111
28	00	101	000
29	00	101	001
2A	00	101	010
2B	00	101	011
2C	00	101	100
2D	00	101	101
2E	00	101	110	LD	r,n
2F	00	101	111
30	00	110	000
31	00	110	001
32	00	110	010
33	00	110	011
34	00	110	100
35	00	110	101
36	00	110	110
37	00	110	111
38	00	111	000
39	00	111	001
3A	00	111	010
3B	00	111	011
3C	00	111	100
3D	00	111	101
3E	00	111	110
3F	00	111	111
40	01	000	000	LD	r,r'
41	01	000	001	LD	r,r'
42	01	000	010	LD	r,r'
43	01	000	011	LD	r,r'
44	01	000	100	LD	r,r'
45	01	000	101	LD	r,r'
46	01	000	110	LD	r,r'
47	01	000	111	LD	r,r'
48	01	001	000	LD	r,r'
49	01	001	001	LD	r,r'
4A	01	001	010	LD	r,r'
4B	01	001	011	LD	r,r'
4C	01	001	100	LD	r,r'
4D	01	001	101	LD	r,r'
4E	01	001	110	LD	r,r'
4F	01	001	111	LD	r,r'
50	01	010	000	LD	r,r'
51	01	010	001	LD	r,r'
52	01	010	010	LD	r,r'
53	01	010	011	LD	r,r'
54	01	010	100	LD	r,r'
55	01	010	101	LD	r,r'
56	01	010	110	LD	r,r'
57	01	010	111	LD	r,r'
58	01	011	000	LD	r,r'
59	01	011	001	LD	r,r'
5A	01	011	010	LD	r,r'
5B	01	011	011	LD	r,r'
5C	01	011	100	LD	r,r'
5D	01	011	101	LD	r,r'
5E	01	011	110	LD	r,r'
5F	01	011	111	LD	r,r'
60	01	100	000	LD	r,r'
61	01	100	001	LD	r,r'
62	01	100	010	LD	r,r'
63	01	100	011	LD	r,r'
64	01	100	100	LD	r,r'
65	01	100	101	LD	r,r'
66	01	100	110	LD	r,r'
67	01	100	111	LD	r,r'
68	01	101	000	LD	r,r'
69	01	101	001	LD	r,r'
6A	01	101	010	LD	r,r'
6B	01	101	011	LD	r,r'
6C	01	101	100	LD	r,r'
6D	01	101	101	LD	r,r'
6E	01	101	110	LD	r,r'
6F	01	101	111	LD	r,r'
70	01	110	000	LD	r,r'
71	01	110	001	LD	r,r'
72	01	110	010	LD	r,r'
73	01	110	011	LD	r,r'
74	01	110	100	LD	r,r'
75	01	110	101	LD	r,r'
76	01	110	110	LD	r,r'
77	01	110	111	LD	r,r'
78	01	111	000	LD	r,r'
79	01	111	001	LD	r,r'
7A	01	111	010	LD	r,r'
7B	01	111	011	LD	r,r'
7C	01	111	100	LD	r,r'
7D	01	111	101	LD	r,r'
7E	01	111	110	LD	r,r'
7F	01	111	111	LD	r,r'
80	10	000	000
81	10	000	001
82	10	000	010
83	10	000	011
84	10	000	100
85	10	000	101
86	10	000	110
87	10	000	111
88	10	001	000
89	10	001	001
8A	10	001	010
8B	10	001	011
8C	10	001	100
8D	10	001	101
8E	10	001	110
8F	10	001	111
90	10	010	000
91	10	010	001
92	10	010	010
93	10	010	011
94	10	010	100
95	10	010	101
96	10	010	110
97	10	010	111
98	10	011	000
99	10	011	001
9A	10	011	010
9B	10	011	011
9C	10	011	100
9D	10	011	101
9E	10	011	110
9F	10	011	111
A0	10	100	000
A1	10	100	001
A2	10	100	010
A3	10	100	011
A4	10	100	100
A5	10	100	101
A6	10	100	110
A7	10	100	111
A8	10	101	000
A9	10	101	001
AA	10	101	010
AB	10	101	011
AC	10	101	100
AD	10	101	101
AE	10	101	110
AF	10	101	111
B0	10	110	000
B1	10	110	001
B2	10	110	010
B3	10	110	011
B4	10	110	100
B5	10	110	101
B6	10	110	110
B7	10	110	111
B8	10	111	000
B9	10	111	001
BA	10	111	010
BB	10	111	011
BC	10	111	100
BD	10	111	101
BE	10	111	110
BF	10	111	111
C0	11	000	000
C1	11	000	001
C2	11	000	010
C3	11	000	011
C4	11	000	100
C5	11	000	101
C6	11	000	110
C7	11	000	111
C8	11	001	000
C9	11	001	001
CA	11	001	010
CB	11	001	011
CC	11	001	100
CD	11	001	101
CE	11	001	110
CF	11	001	111
D0	11	010	000
D1	11	010	001
D2	11	010	010
D3	11	010	011
D4	11	010	100
D5	11	010	101
D6	11	010	110
D7	11	010	111
D8	11	011	000
D9	11	011	001
DA	11	011	010
DB	11	011	011
DC	11	011	100
DD	11	011	101
DE	11	011	110
DF	11	011	111
E0	11	100	000
E1	11	100	001
E2	11	100	010
E3	11	100	011
E4	11	100	100
E5	11	100	101
E6	11	100	110
E7	11	100	111
E8	11	101	000
E9	11	101	001
EA	11	101	010
EB	11	101	011
EC	11	101	100
ED	11	101	101
EE	11	101	110
EF	11	101	111
F0	11	110	000
F1	11	110	001
F2	11	110	010
F3	11	110	011
F4	11	110	100
F5	11	110	101
F6	11	110	110
F7	11	110	111
F8	11	111	000
F9	11	111	001
FA	11	111	010
FB	11	111	011
FC	11	111	100
FD	11	111	101
FE	11	111	110
FF	11	111	111
